15,84010 2,72909 2,69790
22,86289 0,00000 6,85713
13,66983 0,02929 1,03890
21,05214 0,02929 1,70980
22,67202 0,02929 5,30832
6,70353 2,40934 2,56945
22,82184 0,02929 5,34829
4,45272 0,71424 1,92783
18,03731 2,63333 4,15417
1,05715 0,00000 0,84870
13,46903 2,97073 4,11476
4,35381 2,71624 4,87443
-0,27441 1,63741 4,23142
8,95434 2,85378 3,15649
8,98184 2,74851 2,70216
1,09190 0,00000 2,67673
15,92257 0,02929 1,35111
15,94744 0,02929 1,18296
9,11323 0,02929 0,77348
13,45497 2,97242 3,91553
22,10684 0,02929 2,21395
0,93143 0,00000 3,24013
20,31424 1,87591 4,38837
17,93080 2,81133 5,41917
11,23196 2,94734 3,30055
22,77977 0,00000 6,23490
20,50198 0,00000 1,48246
18,22437 0,00000 1,33839
15,86759 2,50167 2,18106
9,11323 0,00000 0,77348
11,39153 0,00000 0,90619
2,09401 1,37141 3,21089
21,07151 0,00000 1,59080
6,64111 2,76112 4,04606
-1,25094 0,00000 4,26735
18,11841 2,32045 2,82989
22,69809 0,02929 5,45870
20,47711 0,02929 1,65060
9,06224 1,11827 1,36144
1,05653 0,10125 0,83659
6,83630 0,02929 0,61805
20,50198 0,02929 1,48246
15,75970 2,90056 4,04302
9,08973 0,02929 0,91890
-0,22140 0,11716 3,65925
-0,83553 0,72119 4,14420
6,64924 2,73682 3,46675
6,83630 0,00000 0,61805
11,25876 2,90056 2,85758
11,12270 2,94734 4,84105
20,29574 2,01161 4,90888
15,70225 2,92185 5,13059
13,64496 0,02929 1,20704
21,51062 0,00000 1,74949
-0,22140 0,00000 3,65925
18,14521 2,08169 2,36540
18,01601 2,68581 4,56108
22,86290 0,02929 6,85710
22,85507 0,00000 5,56131
22,85856 0,02929 5,58391
4,37163 2,42884 3,37686
4,48090 0,33523 1,45837
15,74458 2,90056 4,29290
18,22437 0,02929 1,33839
21,31567 0,00000 1,65853
11,33985 1,54385 1,51730
22,56780 0,02930 4,67216
23,04035 0,00000 6,75026
0,93145 0,11716 3,24014
11,17984 2,95856 4,07690
20,34173 1,75065 3,86957
0,54017 0,09098 0,52663
22,62231 0,00000 4,06775
22,30633 0,02929 3,15146
1,25121 0,11716 1,77290
22,82203 0,00000 5,34932
6,67673 2,66239 3,00565
4,55869 0,02929 0,47399
2,02322 2,39236 4,08985
22,77973 0,02929 6,23494
13,66983 0,00000 1,03890
18,20018 0,02929 1,49517
23,05826 0,02929 6,86548
15,81262 2,80546 3,14216
6,64547 2,81188 4,77057
-1,75203 1,40670 5,22632
18,17270 1,33353 1,93298
1,18736 0,00000 2,24010
21,07340 0,02929 1,59080
-1,25214 0,23010 4,26944
11,39153 0,02929 0,90619
6,75714 1,43778 1,68819
11,20447 2,95904 3,75489
2,03113 2,57301 5,00685
6,81211 0,02929 0,77484
21,31189 0,02929 1,65466
8,91864 2,88886 3,93126
13,61747 1,62260 1,64154
2,14762 0,32949 2,26235
4,53450 0,02929 0,63077
22,36046 0,02929 2,68035
11,31374 2,36255 1,94892
2,03387 2,29982 3,97943
2,25620 0,02929 0,49806
22,54968 0,00000 3,60168
22,13418 0,02929 2,65695
13,58998 2,49133 2,00533
4,55869 0,00000 0,47399
6,72965 1,99998 2,13783
15,94744 0,00000 1,18296
2,28107 0,00000 0,32992
15,73490 2,88886 4,41537
13,50889 2,95904 3,45598
4,34884 2,56138 3,93270
13,45737 2,97051 4,21301
22,50266 0,02929 4,06949
22,62263 0,02929 4,06982
13,53638 2,92395 3,00165
4,39843 1,91382 2,86058
-0,24966 2,36557 5,12998
-0,26566 1,32163 4,12407
9,03544 2,02337 1,81621
2,12150 0,66062 2,73427
22,47890 0,00000 3,14744
0,54926 0,00000 0,20200
22,10684 0,00000 2,21202
21,63744 0,00000 1,81722
21,50494 0,02929 1,74562
1,18430 0,11716 1,31348
-1,11833 0,00000 4,15751
8,92680 2,88886 4,77427
2,17510 0,19769 1,79231
11,28556 2,76021 2,41461
20,38963 1,45988 2,98040
20,39842 1,26760 2,55138
8,92754 2,89068 3,59946
22,35857 0,00000 2,67842
22,47893 0,02929 3,14744
20,27901 2,17889 5,72383
20,45031 0,81666 2,06735
2,22940 0,07202 0,93304
2,07615 1,84794 3,47393
9,00863 2,50290 2,25918
4,50701 0,21387 1,06912
22,40469 0,02929 3,60406
4,34726 2,57308 4,05646
13,56249 2,80699 2,57003
6,78394 0,67532 1,24890
20,29095 2,03579 5,00835
22,55000 0,02929 3,60375
2,28107 0,02929 0,32992
8,91864 2,89173 4,05912
6,64898 2,76112 3,91807
20,36922 1,59505 3,37914
2,20191 0,14498 1,35302
-1,11872 0,18283 4,15760
22,69477 0,02929 4,53278
13,41656 2,95187 4,94121
-2,09420 0,37085 5,21234
17,99610 2,70262 4,66182
15,78719 2,87717 3,58869
15,89508 1,48860 1,78826
11,19141 2,95904 3,97069
18,06412 2,54127 3,71029
18,09092 2,43973 3,23829
11,36734 0,02929 1,06297
0,54013 0,00000 0,52637
1,18732 0,11716 2,24023
23,05831 0,00000 6,86550
4,42592 1,29008 2,40083
21,89646 0,02929 2,20434
-0,98991 0,88994 4,25379
-2,05567 0,00000 5,21234
23,04038 0,02929 6,75072
1,09192 0,11716 2,67674
22,69462 0,00000 4,53175
1,18459 0,00000 1,31337
21,63851 0,02929 1,82051
1,25118 0,00000 1,77294
0,54909 0,08944 0,20210
