Station :-1,063
Number of segments :1
   Segment 1
       0,000    4,127
       0,179    4,127 (knuckle)
       0,287    4,155 (knuckle)
       0,326    4,168
       0,413    4,194
       0,508    4,220
       0,657    4,259 (knuckle)
       0,755    4,310
       0,877    4,381
       1,018    4,474
       1,185    4,599
       1,332    4,722
       1,393    4,775
       1,459    4,837
       1,579    4,952
       1,664    5,035
       1,802    5,181
-------------------------------

Station :0,000
Number of segments :1
   Segment 1
       0,000    3,595
       0,123    3,595 (knuckle)
       0,280    3,662
       0,466    3,736
       0,629    3,799
       0,779    3,858
       0,924    3,915
       1,058    3,970
       1,181    4,021
       1,372    4,105 (knuckle)
       1,557    4,177
       1,644    4,211 (knuckle)
       1,805    4,438
       1,963    4,665
       2,119    4,892
       2,274    5,119
-------------------------------

Station :1,063
Number of segments :2
   Segment 1
       0,000    2,764
       0,117    2,764 (knuckle)
       0,130    2,827
       0,150    2,893
       0,177    2,959
       0,213    3,024
       0,260    3,088
       0,318    3,149
       0,387    3,207
       0,465    3,261
       0,549    3,312
       0,636    3,360
       0,724    3,407
       0,971    3,532
       1,178    3,643
       1,370    3,751
       1,468    3,807
       1,664    3,924
       1,859    4,043 (knuckle)
       2,051    4,152 (knuckle)
       2,156    4,379
       2,261    4,606
       2,366    4,832
       2,471    5,059

   Segment 2
       0,000    0,240
       0,072    0,240 (knuckle)
       0,072    0,449
       0,073    0,519 (knuckle)
       0,077    0,562
       0,084    0,648
       0,091    0,734
       0,098    0,822
       0,101    0,868
       0,103    0,917
       0,106    0,973 (knuckle)
       0,040    0,977
       0,000    0,979
-------------------------------

Station :2,127
Number of segments :1
   Segment 1
       0,000    0,316
       0,043    0,316 (knuckle)
       0,043    0,520 (knuckle)
       0,096    0,926
       0,125    1,137
       0,172    1,465
       0,211    1,689
       0,235    1,803
       0,264    1,919
       0,300    2,035
       0,342    2,152
       0,393    2,269
       0,454    2,386
       0,526    2,503
       0,610    2,621
       0,710    2,741
       0,825    2,863
       0,950    2,982
       1,080    3,093
       1,207    3,190
       1,333    3,277
       1,546    3,419
       1,653    3,497
       1,703    3,536
       1,821    3,634
       1,946    3,745
       2,074    3,866
       2,203    3,992 (knuckle)
       2,315    4,104 (knuckle)
       2,442    4,552
       2,569    5,000
-------------------------------

Station :3,190
Number of segments :1
   Segment 1
       0,000    0,387
       0,032    0,387 (knuckle)
       0,032    0,557 (knuckle)
       0,151    1,039
       0,206    1,248
       0,239    1,354
       0,277    1,462
       0,321    1,573
       0,372    1,686
       0,431    1,800
       0,498    1,916
       0,573    2,033
       0,657    2,150
       0,749    2,268
       0,798    2,326
       0,902    2,444
       1,014    2,561
       1,135    2,679
       1,265    2,799
       1,403    2,920
       1,546    3,040
       1,761    3,210
       1,876    3,298
       1,947    3,355
       2,010    3,410
       2,061    3,461
       2,116    3,521
       2,164    3,579
       2,253    3,700
       2,336    3,828
       2,414    3,959 (knuckle)
       2,471    4,076 (knuckle)
       2,557    4,508
       2,642    4,941
-------------------------------

Station :4,254
Number of segments :1
   Segment 1
       0,000    0,455
       0,029    0,455 (knuckle)
       0,029    0,616 (knuckle)
       0,182    0,945
       0,308    1,210
       0,361    1,314
       0,420    1,419
       0,486    1,527
       0,562    1,639
       0,646    1,753
       0,739    1,869
       0,789    1,927
       0,894    2,043
       1,007    2,160
       1,125    2,277
       1,248    2,393
       1,374    2,509
       1,632    2,743
       1,761    2,862
       1,889    2,984
       2,016    3,108
       2,142    3,238
       2,237    3,341
       2,275    3,387
       2,332    3,467
       2,376    3,538
       2,411    3,607
       2,443    3,674
       2,496    3,807
       2,542    3,939 (knuckle)
       2,567    4,061 (knuckle)
       2,635    4,473
       2,703    4,884
-------------------------------

Station :5,317
Number of segments :1
   Segment 1
       2,755    4,833
       2,703    4,443
       2,652    4,053 (knuckle)
       2,643    3,928 (knuckle)
       2,618    3,801
       2,588    3,674
       2,550    3,547
       2,527    3,483
       2,500    3,419
       2,469    3,356
       2,434    3,293
       2,397    3,230
       2,313    3,107
       2,220    2,986
       2,120    2,868
       2,012    2,752
       1,899    2,637
       1,781    2,524
       1,415    2,181
       1,175    1,951
       0,946    1,723
       0,733    1,501
       0,535    1,288
       0,394    1,128
       0,301    1,018
       0,210    0,907
       0,029    0,681 (knuckle)
       0,029    0,522 (knuckle)
       0,000    0,522
-------------------------------

Station :6,381
Number of segments :1
   Segment 1
       2,799    4,795
       2,766    4,422
       2,733    4,050 (knuckle)
       2,730    3,923 (knuckle)
       2,704    3,692
       2,686    3,576
       2,661    3,459
       2,629    3,342
       2,588    3,225
       2,538    3,108
       2,479    2,992
       2,445    2,935
       2,372    2,822
       2,289    2,709
       2,199    2,598
       2,101    2,486
       1,997    2,375
       1,887    2,263
       1,771    2,151
       1,651    2,038
       1,525    1,925
       1,395    1,812
       1,259    1,700
       1,117    1,590
       0,971    1,480
       0,747    1,316
       0,599    1,205
       0,453    1,093
       0,310    0,978
       0,029    0,748 (knuckle)
       0,029    0,590 (knuckle)
       0,000    0,590
-------------------------------

Station :7,444
Number of segments :1
   Segment 1
       2,838    4,777
       2,821    4,415
       2,804    4,052 (knuckle)
       2,802    3,924 (knuckle)
       2,791    3,719
       2,783    3,614
       2,772    3,507
       2,757    3,397
       2,737    3,285
       2,710    3,172
       2,676    3,059
       2,634    2,946
       2,583    2,834
       2,523    2,723
       2,454    2,612
       2,377    2,501
       2,289    2,391
       2,193    2,280
       2,086    2,169
       1,968    2,058
       1,839    1,946
       1,697    1,834
       1,541    1,722
       1,457    1,666
       1,279    1,555
       1,092    1,443
       0,802    1,274
       0,415    1,046
       0,029    0,815 (knuckle)
       0,029    0,660 (knuckle)
       0,000    0,660
-------------------------------

Station :8,508
Number of segments :1
   Segment 1
       2,873    4,780
       2,868    4,418
       2,862    4,057 (knuckle)
       2,860    3,931 (knuckle)
       2,856    3,752
       2,847    3,561
       2,839    3,458
       2,828    3,350
       2,812    3,239
       2,791    3,126
       2,763    3,014
       2,729    2,902
       2,687    2,789
       2,637    2,678
       2,578    2,567
       2,509    2,456
       2,429    2,345
       2,336    2,234
       2,230    2,122
       2,171    2,067
       2,108    2,011
       2,040    1,955
       1,968    1,899
       1,891    1,843
       1,809    1,786
       1,721    1,730
       1,530    1,618
       1,323    1,505
       1,102    1,393
       0,872    1,280
       0,635    1,166
       0,394    1,053
       0,029    0,882 (knuckle)
       0,029    0,731 (knuckle)
       0,000    0,731
-------------------------------

Station :9,571
Number of segments :1
   Segment 1
       2,905    4,798
       2,906    4,431
       2,907    4,065 (knuckle)
       2,905    3,945 (knuckle)
       2,904    3,792
       2,899    3,620
       2,887    3,417
       2,876    3,307
       2,862    3,195
       2,843    3,082
       2,820    2,970
       2,790    2,857
       2,754    2,745
       2,709    2,633
       2,654    2,522
       2,588    2,410
       2,509    2,299
       2,464    2,242
       2,415    2,186
       2,361    2,130
       2,303    2,074
       2,240    2,017
       2,171    1,961
       2,097    1,905
       2,016    1,848
       1,929    1,792
       1,836    1,736
       1,738    1,680
       1,633    1,624
       1,522    1,568
       1,406    1,512
       1,159    1,399
       0,893    1,287
       0,613    1,174
       0,323    1,062
       0,029    0,949 (knuckle)
       0,029    0,798 (knuckle)
       0,000    0,798
-------------------------------

Station :10,635
Number of segments :1
   Segment 1
       2,930    4,829
       2,934    4,455
       2,938    4,081 (knuckle)
       2,937    3,969 (knuckle)
       2,937    3,839
       2,934    3,683
       2,926    3,486
       2,909    3,264
       2,897    3,152
       2,880    3,039
       2,859    2,927
       2,832    2,815
       2,797    2,704
       2,754    2,592
       2,700    2,480
       2,632    2,367
       2,592    2,310
       2,548    2,252
       2,500    2,195
       2,446    2,138
       2,388    2,080
       2,323    2,023
       2,253    1,966
       2,176    1,910
       2,093    1,853
       2,003    1,798
       1,905    1,742
       1,801    1,687
       1,689    1,631
       1,569    1,576
       1,442    1,521
       1,307    1,465
       1,165    1,410
       1,015    1,354
       0,699    1,242
       0,368    1,129
       0,029    1,017 (knuckle)
       0,029    0,862 (knuckle)
       0,000    0,862
-------------------------------

Station :11,698
Number of segments :1
   Segment 1
       0,000    0,924
       0,029    0,924 (knuckle)
       0,029    1,084 (knuckle)
       0,400    1,196
       0,761    1,308
       1,102    1,419
       1,262    1,474
       1,412    1,528
       1,553    1,582
       1,685    1,636
       1,807    1,690
       1,919    1,743
       2,023    1,797
       2,119    1,852
       2,207    1,907
       2,288    1,963
       2,361    2,021
       2,427    2,079
       2,488    2,138
       2,542    2,197
       2,591    2,257
       2,635    2,316
       2,674    2,376
       2,709    2,434
       2,768    2,550
       2,814    2,663
       2,850    2,774
       2,878    2,886
       2,899    2,997
       2,915    3,109
       2,928    3,222
       2,937    3,335
       2,949    3,557
       2,955    3,751
       2,957    4,011 (knuckle)
       2,957    4,117 (knuckle)
       2,951    4,493
       2,945    4,868
-------------------------------

Station :12,762
Number of segments :1
   Segment 1
       0,000    0,986
       0,029    0,986 (knuckle)
       0,029    1,151 (knuckle)
       0,415    1,262
       0,791    1,372
       1,144    1,481
       1,309    1,534
       1,465    1,587
       1,610    1,639
       1,745    1,691
       1,869    1,742
       1,984    1,794
       2,089    1,847
       2,186    1,900
       2,273    1,955
       2,353    2,011
       2,424    2,069
       2,488    2,129
       2,545    2,191
       2,595    2,252
       2,640    2,315
       2,680    2,377
       2,715    2,439
       2,747    2,500
       2,799    2,618
       2,839    2,732
       2,871    2,844
       2,894    2,955
       2,913    3,066
       2,927    3,179
       2,937    3,292
       2,945    3,405
       2,956    3,629
       2,961    3,822
       2,962    4,073 (knuckle)
       2,961    4,176 (knuckle)
       2,955    4,547
       2,948    4,918
-------------------------------

Station :13,825
Number of segments :1
   Segment 1
       0,000    1,050
       0,029    1,050 (knuckle)
       0,029    1,218 (knuckle)
       0,416    1,328
       0,793    1,437
       1,149    1,544
       1,315    1,596
       1,473    1,648
       1,621    1,699
       1,759    1,749
       1,887    1,799
       2,004    1,850
       2,112    1,902
       2,211    1,954
       2,300    2,009
       2,380    2,065
       2,450    2,124
       2,513    2,185
       2,567    2,247
       2,615    2,311
       2,656    2,375
       2,692    2,439
       2,751    2,564
       2,797    2,684
       2,833    2,798
       2,861    2,911
       2,882    3,022
       2,900    3,133
       2,913    3,246
       2,924    3,359
       2,932    3,473
       2,944    3,697
       2,950    3,891
       2,951    4,146 (knuckle)
       2,948    4,252 (knuckle)
       2,945    4,618
       2,943    4,984
-------------------------------

Station :14,889
Number of segments :1
   Segment 1
       0,000    1,117
       0,029    1,117 (knuckle)
       0,029    1,286 (knuckle)
       0,407    1,395
       0,775    1,504
       1,125    1,610
       1,448    1,715
       1,597    1,766
       1,736    1,816
       1,866    1,867
       1,987    1,918
       2,098    1,969
       2,199    2,022
       2,289    2,077
       2,370    2,133
       2,440    2,192
       2,501    2,252
       2,553    2,314
       2,598    2,377
       2,636    2,440
       2,668    2,504
       2,720    2,628
       2,760    2,747
       2,792    2,862
       2,816    2,974
       2,837    3,086
       2,869    3,310
       2,893    3,537
       2,908    3,760
       2,916    3,957
       2,920    4,230 (knuckle)
       2,914    4,343 (knuckle)
       2,921    4,706
       2,929    5,069
-------------------------------

Station :15,952
Number of segments :1
   Segment 1
       2,900    5,175
       2,878    4,810
       2,858    4,445 (knuckle)
       2,862    4,329 (knuckle)
       2,848    4,021
       2,834    3,820
       2,812    3,596
       2,782    3,369
       2,745    3,145
       2,725    3,034
       2,701    2,922
       2,672    2,809
       2,636    2,692
       2,589    2,571
       2,559    2,510
       2,524    2,448
       2,482    2,387
       2,432    2,326
       2,373    2,267
       2,305    2,209
       2,226    2,153
       2,136    2,098
       2,036    2,044
       1,926    1,992
       1,807    1,940
       1,679    1,888
       1,542    1,837
       1,396    1,785
       1,083    1,679
       0,745    1,571
       0,391    1,463
       0,029    1,353 (knuckle)
       0,029    1,185 (knuckle)
       0,000    1,185
-------------------------------

Station :17,016
Number of segments :1
   Segment 1
       2,838    5,302
       2,802    4,930
       2,767    4,559 (knuckle)
       2,764    4,447 (knuckle)
       2,749    4,275
       2,731    4,089
       2,706    3,879
       2,675    3,654
       2,637    3,425
       2,594    3,199
       2,571    3,089
       2,545    2,979
       2,515    2,869
       2,479    2,756
       2,433    2,639
       2,404    2,580
       2,371    2,521
       2,331    2,462
       2,285    2,403
       2,230    2,344
       2,167    2,287
       2,093    2,231
       2,010    2,176
       1,917    2,121
       1,816    2,068
       1,705    2,014
       1,585    1,961
       1,457    1,908
       1,321    1,855
       1,177    1,802
       1,026    1,748
       0,707    1,639
       0,372    1,530
       0,029    1,420 (knuckle)
       0,029    1,256 (knuckle)
       0,000    1,256
-------------------------------

Station :18,079
Number of segments :1
   Segment 1
       2,702    5,439
       2,654    5,064
       2,607    4,689 (knuckle)
       2,596    4,583 (knuckle)
       2,553    4,275
       2,529    4,114
       2,490    3,889
       2,447    3,657
       2,399    3,424
       2,348    3,200
       2,321    3,092
       2,291    2,984
       2,256    2,876
       2,214    2,766
       2,162    2,653
       2,131    2,595
       2,094    2,538
       2,051    2,481
       2,002    2,423
       1,946    2,366
       1,881    2,310
       1,808    2,254
       1,728    2,199
       1,639    2,144
       1,542    2,089
       1,437    2,034
       1,323    1,980
       1,202    1,925
       1,073    1,871
       0,937    1,816
       0,648    1,707
       0,343    1,598
       0,029    1,489 (knuckle)
       0,029    1,327 (knuckle)
       0,000    1,327
-------------------------------

Station :19,143
Number of segments :1
   Segment 1
       2,441    5,581
       2,387    5,210
       2,332    4,839 (knuckle)
       2,317    4,735 (knuckle)
       2,231    4,268
       2,185    4,029
       2,121    3,728
       2,094    3,608
       2,037    3,375
       1,979    3,156
       1,947    3,051
       1,912    2,945
       1,871    2,838
       1,823    2,728
       1,794    2,672
       1,761    2,616
       1,724    2,560
       1,682    2,503
       1,635    2,446
       1,581    2,390
       1,521    2,333
       1,454    2,276
       1,381    2,219
       1,301    2,163
       1,214    2,106
       1,121    2,051
       1,020    1,995
       0,912    1,940
       0,798    1,885
       0,678    1,830
       0,554    1,776
       0,295    1,668
       0,029    1,560 (knuckle)
       0,029    1,397 (knuckle)
       0,000    1,397
-------------------------------

Station :20,206
Number of segments :1
   Segment 1
       1,979    5,742
       1,909    5,284
       1,868    5,008 (knuckle)
       1,850    4,901 (knuckle)
       1,801    4,643
       1,752    4,384
       1,692    4,063
       1,641    3,810
       1,585    3,568
       1,527    3,340
       1,469    3,127
       1,436    3,022
       1,399    2,915
       1,357    2,806
       1,306    2,695
       1,242    2,583
       1,206    2,526
       1,165    2,469
       1,119    2,411
       1,069    2,353
       1,015    2,296
       0,955    2,238
       0,891    2,181
       0,821    2,124
       0,746    2,068
       0,666    2,012
       0,581    1,957
       0,493    1,903
       0,309    1,795
       0,029    1,636 (knuckle)
       0,029    1,476 (knuckle)
       0,000    1,476
-------------------------------

Station :21,270
Number of segments :1
   Segment 1
       1,275    5,933
       1,225    5,564
       1,175    5,194 (knuckle)
       1,156    5,074 (knuckle)
       1,106    4,793
       1,060    4,512
       0,996    4,101
       0,974    3,970
       0,939    3,782
       0,914    3,663
       0,864    3,435
       0,814    3,218
       0,786    3,109
       0,755    3,000
       0,720    2,888
       0,680    2,775
       0,633    2,661
       0,579    2,546
       0,516    2,432
       0,480    2,375
       0,442    2,318
       0,400    2,262
       0,355    2,207
       0,307    2,152
       0,256    2,097
       0,104    1,943
       0,067    1,904
       0,029    1,859 (knuckle)
       0,029    1,647 (knuckle)
       0,000    1,649
-------------------------------

Station :22,333
Number of segments :1
   Segment 1
       0,411    6,144
       0,391    5,956
       0,371    5,768
       0,352    5,579
       0,332    5,391 (knuckle)
       0,311    5,251 (knuckle)
       0,267    4,948
       0,246    4,797
       0,226    4,647
       0,209    4,498
       0,184    4,281
       0,160    4,076
       0,142    3,949
       0,123    3,828
       0,074    3,543
       0,029    3,292 (knuckle)
       0,029    2,669 (knuckle)
       0,000    2,671
-------------------------------

